holidays <- c(
  "2019-01-01",
  "2019-01-28",
  "2019-04-19",
  "2019-04-22",
  "2019-04-25",
  "2019-10-06",
  "2019-12-25",
  "2019-12-26",
  "2020-01-01",
  "2020-01-02",
  "2020-01-27",
  "2020-04-10",
  "2020-04-13",
  "2020-04-25",
  "2020-06-08",
  "2020-12-25",
  "2020-12-26",
  "2019-01-01",
  "2019-04-19",
  "2019-04-22",
  "2019-05-01",
  "2019-12-26",
  "2020-01-01",
  "2020-04-10",
  "2020-04-13",
  "2020-05-01",
  "2020-12-26",
  "2019-01-01",
  "2019-04-19",
  "2019-04-22",
  "2019-05-01",
  "2019-06-10",
  "2019-10-03",
  "2019-12-26",
  "2020-04-10",
  "2020-04-13",
  "2020-12-26",
  "2019-01-01",
  "2019-02-05",
  "2019-02-06",
  "2019-02-07",
  "2019-04-05",
  "2019-04-19",
  "2019-04-22",
  "2019-05-01",
  "2019-05-13",
  "2019-06-07",
  "2019-07-01",
  "2019-10-01",
  "2019-10-07",
  "2019-12-25",
  "2019-12-26",
  "2020-01-01",
  "2020-01-27",
  "2020-01-28",
  "2020-04-10",
  "2020-04-13",
  "2020-04-30",
  "2020-05-01",
  "2020-06-25",
  "2020-07-01",
  "2020-10-01",
  "2020-10-02",
  "2020-10-26",
  "2020-12-25",
  "2019-01-01",
  "2019-04-19",
  "2019-04-22",
  "2019-05-01",
  "2019-12-25",
  "2020-01-01",
  "2020-04-10",
  "2020-04-13",
  "2020-05-01",
  "2020-12-25",
  "2019-01-01",
  "2019-01-02",
  "2019-01-05",
  "2019-01-06",
  "2019-01-07",
  "2019-02-23",
  "2019-02-24",
  "2019-02-25",
  "2019-03-08",
  "2019-03-09",
  "2019-03-10",
  "2019-05-01",
  "2019-05-09",
  "2019-06-12",
  "2019-11-04",
  "2020-01-07",
  "2020-02-23",
  "2020-03-03",
  "2020-05-02",
  "2020-05-09",
  "2020-11-04",
  "2018-01-01",
  "2018-01-15",
  "2018-02-19",
  "2018-03-30",
  "2018-05-28",
  "2018-09-03",
  "2019-01-01",
  "2019-01-21",
  "2019-02-18",
  "2019-04-19",
  "2019-05-27",
  "2019-09-02",
  "2020-01-01",
  "2020-01-20",
  "2020-02-17",
  "2020-05-25",
  "2020-07-03",
  "2020-09-07",
  "2020-11-26",
  "2019-01-01",
  "2019-03-21",
  "2019-04-19",
  "2019-04-22",
  "2019-04-27",
  "2019-05-01",
  "2019-06-16",
  "2019-06-17",
  "2019-09-24",
  "2019-12-16",
  "2019-12-25",
  "2019-12-26",
  "2020-01-01",
  "2020-04-10",
  "2020-04-13",
  "2020-04-27",
  "2020-06-16",
  "2020-09-24",
  "2020-12-16",
  "2020-12-25",
  "2020-12-26",
  "2018-01-01",
  "2018-02-16",
  "2018-03-30",
  "2018-03-29",
  "2018-06-01",
  "2018-06-13",
  "2018-06-14",
  "2018-06-15",
  "2018-06-18",
  "2018-06-19",
  "2018-08-17",
  "2018-08-22",
  "2018-09-11",
  "2018-11-20",
  "2018-12-24",
  "2018-12-25",
  "2018-12-31",
  "2019-01-01",
  "2019-02-05",
  "2019-04-19",
  "2019-05-01",
  "2019-05-30",
  "2019-06-05",
  "2019-06-06",
  "2019-08-12",
  "2019-12-25",
  "2019-12-31",
  "2020-01-01",
  "2020-03-25",
  "2020-04-10",
  "2020-05-01",
  "2020-05-07",
  "2020-05-21",
  "2020-05-22",
  "2020-05-25",
  "2020-06-31",
  "2020-08-17",
  "2020-08-20",
  "2020-08-21",
  "2020-10-28",
  "2020-10-29",
  "2020-10-30",
  "2020-12-24",
  "2020-12-25",
  "2020-12-31",
  "2019-01-01",
  "2019-01-21",
  "2019-02-18",
  "2019-04-19",
  "2019-05-27",
  "2019-07-04",
  "2019-09-02",
  "2019-11-28",
  "2019-12-25",
  "2020-01-01",
  "2020-01-24",
  "2020-01-27",
  "2020-04-30",
  "2020-05-01",
  "2020-05-05",
  "2020-08-30",
  "2020-10-01",
  "2020-10-02",
  "2020-10-09",
  "2020-12-25",
  "2020-10-31",
  "2018-01-01",
  "2018-03-04",
  "2018-04-18",
  "2018-04-01",
  "2018-04-02",
  "2018-05-29",
  "2018-06-19",
  "2018-07-08",
  "2018-07-09",
  "2018-10-14",
  "2018-11-18",
  "2018-12-08",
  "2020-01-01",
  "2020-02-24",
  "2020-03-23",
  "2020-03-24",
  "2020-04-02",
  "2020-04-09",
  "2020-04-10",
  "2020-05-25",
  "2020-06-15",
  "2020-06-09",
  "2020-08-17",
  "2020-10-12",
  "2020-11-20",
  "2020-11-23",
  "2020-12-07",
  "2020-12-08",
  "2018-01-01",
  "2018-02-01",
  "2018-03-21",
  "2018-03-24",
  "2018-03-25",
  "2018-09-16",
  "2018-11-02",
  "2018-11-21",
  "2018-12-12",
  "2019-01-01",
  "2019-02-04",
  "2019-03-18",
  "2019-04-18",
  "2019-04-19",
  "2019-05-01",
  "2019-09-16",
  "2019-11-18",
  "2019-12-12",
  "2019-12-25",
  "2020-01-01",
  "2020-02-05",
  "2020-02-03",
  "2020-03-16",
  "2020-04-09",
  "2020-04-10",
  "2020-09-16",
  "2020-11-16",
  "2020-11-02",
  "2020-11-16",
  "2020-12-11",
  "2020-12-25",
  "2019-01-01",
  "2019-04-19",
  "2019-04-22",
  "2019-05-01",
  "2019-12-26",
  "2020-01-01",
  "2020-04-10",
  "2020-04-13",
  "2020-05-01",
  "2020-12-26",
  "2019-03-04",
  "2019-03-21",
  "2019-04-17",
  "2019-04-19",
  "2019-05-01",
  "2019-06-05",
  "2019-08-12",
  "2019-08-15",
  "2019-09-02",
  "2019-09-10",
  "2019-10-02",
  "2019-10-08",
  "2019-10-28",
  "2019-11-12",
  "2019-12-25",
  "2020-02-21",
  "2020-03-10",
  "2020-04-02",
  "2020-04-06",
  "2020-04-10",
  "2020-04-14",
  "2020-05-01",
  "2020-05-25",
  "2020-10-02",
  "2020-10-16",
  "2020-11-16",
  "2020-11-30",
  "2020-12-26",
  "2019-01-01",
  "2019-01-02",
  "2019-01-03",
  "2019-01-11",
  "2019-03-21",
  "2019-04-27",
  "2019-04-28",
  "2019-04-29",
  "2019-04-30",
  "2019-05-01",
  "2019-05-02",
  "2019-05-03",
  "2019-05-04",
  "2019-05-06",
  "2019-07-15",
  "2019-08-12",
  "2019-09-16",
  "2019-09-23",
  "2019-10-14",
  "2019-04-11",
  "2019-11-23",
  "2019-12-31",
  "2020-01-01",
  "2020-01-02",
  "2020-01-03",
  "2020-01-13",
  "2020-02-11",
  "2020-02-23",
  "2020-02-24",
  "2020-03-20",
  "2020-04-29",
  "2020-05-03",
  "2020-05-04",
  "2020-05-05",
  "2020-05-06",
  "2020-07-23",
  "2020-07-24",
  "2020-08-10",
  "2020-09-21",
  "2020-09-22",
  "2020-11-03",
  "2020-11-23",
  "2020-12-31",
  "2019-06-14",
  "2019-06-15",
  "2019-06-16",
  "2019-06-17",
  "2019-08-20",
  "2019-08-21",
  "2019-08-22",
  "2019-08-23",
  "2019-09-23",
  "2020-05-21",
  "2020-05-22",
  "2020-05-23",
  "2020-05-24",
  "2020-05-25",
  "2020-05-26",
  "2020-05-27",
  "2020-05-28",
  "2020-05-29",
  "2020-05-30",
  "2020-05-31",
  "2019-01-01",
  "2019-02-04",
  "2019-02-05",
  "2019-02-06",
  "2019-02-07",
  "2019-02-08",
  "2019-04-05",
  "2019-05-01",
  "2019-05-02",
  "2019-05-03",
  "2019-06-07",
  "2019-07-01",
  "2019-09-13",
  "2019-10-01",
  "2019-10-02",
  "2019-10-03",
  "2019-10-04",
  "2019-10-07",
  "2020-01-01",
  "2020-01-24",
  "2020-01-27",
  "2020-01-28",
  "2020-01-29",
  "2020-01-30",
  "2020-01-31",
  "2020-04-06",
  "2020-05-01",
  "2020-05-04",
  "2020-05-05",
  "2020-06-25",
  "2020-06-26",
  "2020-07-01",
  "2020-10-01",
  "2020-10-02",
  "2020-10-05",
  "2020-10-06",
  "2020-10-07",
  "2020-10-08",
  "2020-12-25",
  "2019-01-01",
  "2019-02-18",
  "2019-04-19",
  "2019-05-20",
  "2019-07-01",
  "2019-08-05",
  "2019-09-02",
  "2019-10-14",
  "2019-12-25",
  "2019-12-26",
  "2020-01-01",
  "2020-01-17",
  "2020-04-10",
  "2020-05-18",
  "2020-07-01",
  "2020-08-03",
  "2020-09-07",
  "2020-10-12",
  "2020-12-28",
  "2018-01-01",
  "2018-01-15",
  "2018-02-19",
  "2018-03-30",
  "2018-05-28",
  "2018-09-03",
  "2019-01-01",
  "2019-01-21",
  "2019-02-18",
  "2019-04-19",
  "2019-05-27",
  "2019-09-02",
  "2020-01-01",
  "2020-01-20",
  "2020-02-17",
  "2020-05-25",
  "2020-07-03",
  "2020-09-07",
  "2020-11-26",
  "2018-01-01",
  "2018-03-30",
  "2018-04-02",
  "2018-05-01",
  "2018-08-15",
  "2018-12-24",
  "2018-12-25",
  "2018-12-31",
  "2019-01-01",
  "2019-04-19",
  "2019-04-22",
  "2019-05-01",
  "2019-08-15",
  "2019-12-24",
  "2019-12-25",
  "2019-12-31",
  "2020-01-01",
  "2020-04-10",
  "2020-04-13",
  "2020-05-08",
  "2020-12-24",
  "2020-12-25",
  "2020-12-31",
  "2018-01-01",
  "2018-03-30",
  "2018-04-02",
  "2018-05-07",
  "2018-05-28",
  "2018-08-27",
  "2018-12-24",
  "2018-12-25",
  "2018-12-28",
  "2018-12-31",
  "2019-01-01",
  "2019-04-19",
  "2019-04-22",
  "2019-05-06",
  "2019-05-27",
  "2019-08-26",
  "2019-12-24",
  "2019-12-25",
  "2019-12-28",
  "2019-12-31",
  "2020-01-01",
  "2020-04-10",
  "2020-04-13",
  "2020-05-08",
  "2020-05-25",
  "2020-08-31",
  "2020-12-24",
  "2020-12-28",
  "2020-12-31",
  "2019-01-01",
  "2019-04-23",
  "2019-05-01",
  "2019-05-19",
  "2019-06-05",
  "2019-06-06",
  "2019-07-15",
  "2019-08-10",
